%parameters updated on April 26 2021

%from TABLE I
Re_tb1=[2.2444 1.9000 2.6600 2.1955];
De_tb1=[1.9989 7.9780 1.5000 2.1488];
beta_tb1=[1.2022 1.2200 1.1900 1.2860];
S_tb1=[2.3725 2.3500 1.2492 1.3725];
gamma_ik_tb1=[0.0002 0.3699 0.0195 0.0001];
c_tb1=[39.263 0.1772 1.0899 80.133];
d_tb1=[0.6868 0.2199 0.9430 0.7485];
h_tb1=[0.7107 0.1292 0.4697 0.9036];
lambda3_tb1=[1.1011 2.5500 1.2100 0.8484];
beta2_tb1=[1.0836 4.8600 4.1000 1.6784];
n_tb1=[1.666 0.9951 1.0050 1.0970];
m_tb1=[1 1 1 1];
R_tb1=[4.09 3.1050 3.5049 4.11];
D_tb1=[0.1 0.1 0.1 0.1];

%from TABLE II
Re_tb2=[2.5489 0.31500 2.36843 2.5223 2.43192 2.38958];
De_tb2=[1.8850 8.78642 2.3347 2.7872 2.09159 2.37838];
beta_tb2=[1.4500 6.30288 1.44845 1.7387 1.79541 3.43942];
S_tb2=[1.8600 2.07193 1.54131 2.6711 1.81777 1.49784];
gamma_ik_tb2=[0.0185 0.01473 0.3597 0.6044 0.36574 0.02027];
c_tb2=[3.9700 0.00457 1.05025 3.4487 1.53769 1.09006];
d_tb2=[0.9500 0.01051 0.85010 1.2082 0.97050 0.95857];
h_tb2=[0.5200 0.68374 0.45804 0.21058 0.40847 0.51018];
lambda3_tb2=[1.1900 2.85136 2.65111 0.8725 1.75651 2.11352];
beta2_tb2=[2.2100 0.80108 0.360 0.604 2.61429 4.03102];
n_tb2=[0.9950 1.32543 1 1 1 1.79909];
m_tb2=[1 1 1 1 1 1];
R_tb2=[3.7094 3.68521 3.7 3.5 3.7 4.13];
D_tb2=[0.1 0.1 0.1 0.1 0.1 0.1];